0.4272275653,0.6185064738
0.5221079577,0.387819765
0.1693845892,0.7154201808
0.5854619931,0.6601182148
0.5555446858,0.4168225078
0.2429298128,0.7503901795
0.6583407979,0.6847731536
0.5089264965,0.4203932272
0.2585009604,0.7280181386
0.6929764002,0.6887441741
0.493061494,0.4320631536
0.2717564163,0.7293362835
0.706876913,0.6918896752
0.4935246137,0.4386851182
0.2785546618,0.7296167363
0.7117403344,0.69349032
0.4929997548,0.4427654125
0.2783211101,0.7311432457
0.7128768081,0.6938923663
0.492906383,0.4445127269
0.2771307868,0.7319764933
0.7138890116,0.6944122071
0.4928796695,0.4461299711
0.2759850098,0.7328426767
0.7138890116,0.6944122071
0.4925657473,0.4479943165
0.2731406386,0.7342094972
